0.0008881569224854502
0.08407346410206884
0.09027967030827355
0.09648587651448182
0.10269208272068653
0.10889828892689479
0.1151044951330995
0.12131070133930777
0.12751690754551248
0.1337231137517172
0.13992931995792546
0.14613552616413017
0.15234173237033843
0.15854793857654315
0.16475414478274786
0.17096035098895612
0.17716655719516083
0.1833727634013691
0.1895789696075738
0.19578517581378208
0.2019913820199868
0.2081975882261915
0.21440379443239976
0.22061000063860448
0.22681620684481274
0.23302241305101745
0.23922861925722572
0.24543482546343043
0.25164103166963514
0.2578472378758434
0.2640534440820481
0.2702596502882564
0.2764658564944611
0.2826720627006658
0.28887826890687407
0.2950844751130788
0.30129068131928705
0.30749688752549176
0.3137030937317
0.31990929993790473
0.32611550614410945
0.3323217123503177
0.3385279185565224
0.3447341247627307
0.3509403309689354
0.35714653717514366
0.3633527433813484
0.3695589495875531
0.37576515579376135
0.38197136199996606
0.38817756820617433
0.39438377441237904
0.40058998061858375
0.406796186824792
0.41300239303099673
0.419208599237205
0.4254148054434097
0.43162101164961797
0.4378272178558227
0.4440334240620274
0.45023963026823566
0.45644583647444037
0.46265204268064863
0.46885824888685335
0.4750644550930616
0.4812706612992663
0.48747686750547103
0.4936830737116793
0.499889279917884
0.5060954861240923
0.512301692330297
0.5185078985365053
0.52471410474271
0.5309203109489147
0.5371265171551229
0.5433327233613277
0.5495389295675359
0.5557451357737406
0.5619513419799453
0.5681575481861536
0.5743637543923583
0.5805699605985666
0.5867761668047748
0.592982373010976
0.5991885792171843
0.6053947854233925
0.6116009916295937
0.617807197835802
0.6240134040420102
0.6302196102482185
0.6364258164544196
0.6426320226606279
0.6488382288668362
0.6550444350730373
0.6612506412792456
0.6674568474854539
0.6736630536916621
0.6798692598978633
0.6860754661040716
0.6922816723102798
0.698487878516481
0.7046940847226892
0.7109002909288975
0.7171064971350987
0.7233127033413069
0.7295189095475152
0.7357251157537235
0.7419313219599246
0.7481375281661329
0.7543437343723411
0.7605499405785423
0.7667561467847506
0.7729623529909588
0.7791685591971671
0.7853747654033683
0.7915809716095765
0.7977871778157848
0.803993384021986
0.8101995902281942
0.8164057964344025
0.8226120026406107
0.8288182088468119
0.8350244150530202
0.8412306212592284
0.8474368274654296
0.8536430336716379
0.8598492398778461
0.8660554460840544
0.8722616522902555
0.8784678584964638
0.8846740647026721
0.8908802709088732
0.8970864771150815
0.9032926833212898
0.909498889527498
0.9157050957336992
0.9219113019399074
0.9281175081461157
0.9343237143523169
0.9405299205585251
0.9467361267647334
0.9529423329709417
0.9591485391771428
0.9653547453833511
0.9715609515895594
0.9777671577957605
0.9839733640019688
0.990179570208177
0.9963857764143782
1.0025919826205865
1.0087981888267947
1.015004395033003
1.0212106012392042
1.0274168074454124
1.0336230136516207
1.0398292198578218
1.04603542606403
1.0522416322702384
1.0584478384764466
1.0646540446826478
1.070860250888856
1.0770664570950643
1.0832726633012655
1.0894788695074737
1.095685075713682
1.1018912819198903
1.1080974881260914
1.1143036943322997
1.120509900538508
1.1267161067447091
1.1329223129509174
1.1391285191571257
1.145334725363334
1.151540931569535
1.1577471377757433
1.1639533439819516
1.1701595501881528
1.176365756394361
1.1825719626005693
1.1887781688067705
1.1949843750129787
1.201190581219187
1.2073967874253952
1.2136029936315964
1.2198091998378047
1.226015406044013
1.232221612250214
1.2384278184564224
1.2446340246626306
1.2508402308688389
1.25704643707504
1.2632526432812483
1.2694588494874566
1.2756650556936577
1.281871261899866
1.2880774681060743
1.2942836743122825
1.3004898805184837
1.306696086724692
1.3129022929309002
1.3191084991371014
1.3253147053433096
1.331520911549518
1.3377271177557262
1.3439333239619273
1.3501395301681356
1.3563457363743439
1.362551942580545
1.3687581487867533
1.3749643549929615
1.3811705611991698
1.387376767405371
1.3935829736115792
1.3997891798177875
1.4059953860239887
1.412201592230197
1.4184077984364052
1.4246140046426135
1.4308202108488146
1.4370264170550229
1.4432326232612311
1.4494388294674323
1.4556450356736406
1.4618512418798488
1.46805744808605
1.4742636542922583
1.4804698604984665
1.4866760667046748
1.492882272910876
1.4990884791170842
1.5052946853232925
1.5115008915294936
1.517707097735702
1.5239133039419102
1.5301195101481184
1.5363257163543196
1.5425319225605278
1.548738128766736
1.5549443349729373
1.5611505411791455
1.5673567473853538
1.573562953591562
1.5797691597977632
1.5859753660039715
1.5921815722101798
1.598387778416381
1.6045939846225892
1.6108001908287974
1.6170063970350057
1.6232126032412069
1.6294188094474151
1.6356250156536234
1.6418312218598246
1.6480374280660328
1.654243634272241
1.6604498404784493
1.6666560466846505
1.6728622528908588
1.679068459097067
1.6852746653032682
1.6914808715094765
1.6976870777156847
1.703893283921893
1.7100994901280941
1.7163056963343024
1.7225119025405107
1.7287181087467118
1.73492431495292
1.7411305211591284
1.7473367273653295
1.7535429335715378
1.759749139777746
1.7659553459839543
1.7721615521901555
1.7783677583963637
1.784573964602572
1.7907801708087732
1.7969863770149814
1.8031925832211897
1.809398789427398
1.8156049956335991
1.8218112018398074
1.8280174080460156
1.8342236142522168
1.840429820458425
1.8466360266646333
1.8528422328708416
1.8590484390770428
1.865254645283251
1.8714608514894593
1.8776670576956604
1.8838732639018687
1.890079470108077
1.8962856763142852
1.9024918825204864
1.9086980887266947
1.914904294932903
1.921110501139104
1.9273167073453124
1.9335229135515206
1.9397291197577218
1.94593532596393
1.9521415321701383
1.9583477383763466
1.9645539445825477
1.970760150788756
1.9769663569949643
1.9831725632011654
1.9893787694073737
1.995584975613582
2.00179118181979
2.0079973880259914
2.0142035942321996
2.020409800438408
2.026616006644609
2.0328222128508173
2.0390284190570256
2.045234625263234
2.051440831469435
2.0576470376756433
2.0638532438818515
2.0700594500880527
2.076265656294261
2.0824718625004692
2.0886780687066775
2.0948842749128787
2.101090481119087
2.107296687325295
2.1135028935314963
2.1197090997377046
2.125915305943913
2.132121512150114
2.1383277183563223
2.1445339245625306
2.150740130768739
2.15694633697494
2.1631525431811482
2.1693587493873565
2.1755649555935648
2.181771161799766
2.187977368005974
2.1941835742121825
2.2003897804183836
2.206595986624592
2.2128021928308
2.2190083990370013
2.2252146052432096
2.231420811449418
2.237627017655626
2.2438332238618273
2.2500394300680355
2.256245636274244
2.262451842480445
2.268658048686653
2.2748642548928615
2.2810704610990697
2.287276667305271
2.293482873511479
2.2996890797176874
2.3058952859238886
2.312101492130097
2.318307698336305
2.3245139045425134
2.3307201107487145
2.336926316954923
2.343132523161131
2.3493387293673322
2.3555449355735405
2.3617511417797488
2.367957347985957
2.374163554192158
2.3803697603983665
2.3865759666045747
2.392782172810776
2.398988379016984
2.4051945852231924
2.4114007914293936
2.417606997635602
2.42381320384181
2.4300194100480184
2.4362256162542195
2.442431822460428
2.448638028666636
2.4548442348728443
2.4610504410790455
2.4672566472852537
2.473462853491462
2.479669059697663
2.4858752659038714
2.4920814721100797
2.498287678316281
2.504493884522489
2.5107000907286974
2.5169062969349056
2.523112503141107
2.529318709347315
2.5355249155535233
2.5417311217597245
2.5479373279659328
2.554143534172141
2.5603497403783493
2.5665559465845504
2.5727621527907587
2.578968358996967
2.585174565203168
2.5913807714093764
2.5975869776155847
2.603793183821793
2.609999390027994
2.6162055962342023
2.6224118024404106
2.6286180086466118
2.63482421485282
2.6410304210590283
2.6472366272652366
2.6534428334714377
2.659649039677646
2.6658552458838543
2.6720614520900554
2.6782676582962637
2.684473864502472
2.690680070708673
2.6968862769148814
2.7030924831210896
2.709298689327298
2.715504895533499
2.7217111017397073
2.7279173079459156
2.7341235141521167
2.740329720358325
2.7465359265645333
2.7527421327707415
2.7589483389769427
2.765154545183151
2.7713607513893592
2.7775669575955604
2.7837731638017686
2.789979370007977
2.796185576214185
2.8023917824203863
2.8085979886265946
2.814804194832803
2.821010401039004
2.8272166072452123
2.8334228134514206
2.839629019657629
2.84583522586383
2.8520414320700382
2.8582476382762465
2.8644538444824477
2.870660050688656
2.876866256894864
2.8830724631010654
2.8892786693072736
2.895484875513482
2.90169108171969
2.9078972879258913
2.9141034941320996
2.920309700338308
2.926515906544516
2.9327221127507173
2.9389283189569255
2.945134525163134
2.951340731369335
2.957546937575543
2.9637531437817515
2.9699593499879526
2.976165556194161
2.982371762400369
2.9885779686065774
2.9947841748127786
3.000990381018987
3.007196587225195
3.0134027934313963
3.0196089996376045
3.025815205843813
3.032021412050021
3.0382276182562222
3.0444338244624305
3.0506400306686388
3.05684623687484
3.063052443081048
3.0692586492872564
3.0754648554934647
3.081671061699666
3.087877267905874
3.0940834741120824
3.1002896803182836
3.106495886524492
3.1127020927307
3.1189082989369084
3.1251145051431095
3.1313207113493178
3.137526917555526
3.143733123761727
3.1499393299679355
3.1561455361741437
3.162351742380345
3.168557948586553
3.1747641547927614
3.1809703609989697
3.187176567205171
3.193382773411379
3.1995889796175874
3.2057951858237956
3.212001392029997
3.218207598236205
3.2244138044424133
3.2306200106486145
3.2368262168548227
3.243032423061031
3.249238629267232
3.2554448354734404
3.2616510416796487
3.267857247885857
3.274063454092058
3.2802696602982664
3.2864758665044747
3.292682072710676
3.298888278916884
3.3050944851230923
3.3113006913293006
3.3175068975355018
3.32371310374171
3.3299193099479183
3.3361255161541195
3.3423317223603277
3.348537928566536
3.3547441347727442
3.3609503409789454
3.3671565471851537
3.373362753391362
3.379568959597563
3.3857751658037714
3.3919813720099796
3.398187578216188
3.404393784422389
3.4105999906285973
3.4168061968348056
3.4230124030410067
3.429218609247215
3.4354248154534233
3.4416310216596244
3.4478372278658327
3.454043434072041
3.460249640278249
3.4664558464844504
3.4726620526906586
3.478868258896867
3.485074465103068
3.4912806713092763
3.4974868775154846
3.503693083721693
3.509899289927894
3.5161054961341023
3.5223117023403105
3.5285179085465117
3.53472411475272
3.5409303209589282
3.5471365271651365
3.5533427333713377
3.559548939577546
3.565755145783754
3.5719613519899553
3.5781675581961636
3.584373764402372
3.59057997060858
3.5967861768147813
3.6029923830209896
3.609198589227198
3.615404795433399
3.6216110016396073
3.6278172078458155
3.6340234140520167
3.640229620258225
3.646435826464433
3.6526420326706415
3.6588482388768426
3.665054445083051
3.671260651289259
3.6774668574954674
3.6836730637016686
3.689879269907877
3.696085476114085
3.7022916823202863
3.7084978885264945
3.714704094732703
3.720910300938904
3.7271165071451122
3.7333227133513205
3.7395289195575288
3.74573512576373
3.751941331969938
3.7581475381761464
3.7643537443823476
3.770559950588556
3.776766156794764
3.7829723630009724
3.7891785692071736
3.795384775413382
3.80159098161959
3.8077971878257912
3.8140033940319995
3.8202096002382078
3.826415806444416
3.832622012650617
3.8388282188568255
3.8450344250630337
3.851240631269235
3.857446837475443
3.8636530436816514
3.8698592498878597
3.876065456094061
3.882271662300269
3.8884778685064774
3.8946840747126785
3.900890280918887
3.907096487125095
3.913302693331296
3.9195088995375045
3.9257151057437127
3.931921311949921
3.938127518156122
3.9443337243623304
3.9505399305685387
3.956746136774747
3.962952342980948
3.9691585491871564
3.9753647553933646
3.981570961599566
3.987777167805774
3.9939833740119823
4.0001895802181835
4.006395786424392
4.0126019926306
4.018808198836808
4.0250144050430094
4.031220611249218
4.037426817455426
4.043633023661627
4.049839229867835
4.056045436074044
4.062251642280252
4.068457848486453
4.074664054692661
4.08087026089887
4.087076467105071
4.093282673311279
4.099488879517487
4.1056950857236885
4.111901291929897
4.118107498136105
4.124313704342313
4.130519910548514
4.136726116754723
4.142932322960931
4.149138529167139
4.15534473537334
4.161550941579549
4.167757147785757
4.173963353991958
4.180169560198166
4.186375766404375
4.192581972610576
4.198788178816784
4.204994385022992
4.2112005912292005
4.217406797435402
4.22361300364161
4.229819209847818
4.2360254160540265
4.242231622260228
4.248437828466436
4.254644034672644
4.260850240878845
4.267056447085054
4.273262653291262
4.279468859497463
4.285675065703671
4.29188127190988
4.298087478116081
4.304293684322289
4.310499890528497
4.3167060967347055
4.322912302940907
4.329118509147115
4.335324715353323
4.3415309215595315
4.347737127765733
4.353943333971941
4.360149540178149
4.36635574638435
4.372561952590559
4.378768158796767
4.384974365002968
4.391180571209176
4.3973867774153845
4.403592983621593
4.409799189827794
4.416005396034002
4.4222116022402105
4.428417808446419
4.43462401465262
4.440830220858828
4.447036427065036
4.453242633271238
4.459448839477446
4.465655045683654
4.471861251889855
4.4780674580960635
4.484273664302272
4.49047987050848
4.496686076714681
4.5028922829208895
4.509098489127098
4.515304695333299
4.521510901539507
4.5277171077457155
4.533923313951924
4.540129520158125
4.546335726364333
4.552541932570541
4.558748138776743
4.564954344982951
4.571160551189159
4.57736675739536
4.5835729636015685
4.589779169807777
4.595985376013985
4.602191582220186
4.6083977884263945
4.614603994632603
4.620810200838811
4.627016407045012
4.63322261325122
4.639428819457429
4.64563502566363
4.651841231869838
4.658047438076046
4.6642536442822475
4.670459850488456
4.676666056694664
4.682872262900872
4.6890784691070735
4.695284675313282
4.70149088151949
4.707697087725698
4.713903293931899
4.720109500138108
4.726315706344316
4.732521912550517
4.738728118756725
4.744934324962934
4.751140531169135
4.757346737375343
4.763552943581551
4.76975914978776
4.775965355993961
4.782171562200169
4.788377768406377
4.7945839746125785
4.800790180818787
4.806996387024995
4.813202593231203
4.819408799437404
4.825615005643613
4.831821211849821
4.838027418056022
4.84423362426223
4.850439830468439
4.85664603667464
4.862852242880848
4.869058449087056
4.875264655293265
4.881470861499466
4.887677067705674
4.893883273911882
4.9000894801180905
4.906295686324292
4.9125018925305
4.918708098736708
4.924914304942909
4.931120511149118
4.937326717355326
4.943532923561527
4.949739129767735
4.955945335973944
4.962151542180152
4.968357748386353
4.974563954592561
4.9807701607987696
4.986976367004978
4.993182573211179
4.999388779417387
5.0055949856235955
5.011801191829797
5.018007398036005
5.024213604242213
5.030419810448414
5.036626016654623
5.042832222860831
5.049038429067032
5.05524463527324
5.061450841479449
5.067657047685657
5.073863253891858
5.080069460098066
5.0862756663042745
5.092481872510483
5.098688078716684
5.104894284922892
5.1111004911291005
5.117306697335302
5.12351290354151
5.129719109747718
5.135925315953919
5.142131522160128
5.148337728366336
5.154543934572544
5.160750140778745
5.1669563469849535
5.173162553191162
5.17936875939737
5.185574965603571
5.1917811718097795
5.197987378015988
5.204193584222189
5.210399790428397
5.2166059966346054
5.222812202840807
5.229018409047015
5.235224615253223
5.241430821459431
5.247637027665633
5.253843233871841
5.260049440078049
5.26625564628425
5.2724618524904585
5.278668058696667
5.284874264902875
5.291080471109076
5.2972866773152845
5.303492883521493
5.309699089727694
5.315905295933902
5.32211150214011
5.328317708346312
5.33452391455252
5.340730120758728
5.346936326964936
5.3531425331711375
5.359348739377346
5.365554945583554
5.371761151789762
5.3779673579959635
5.384173564202172
5.39037977040838
5.396585976614581
5.402792182820789
5.408998389026998
5.415204595233199
5.421410801439407
5.427617007645615
5.433823213851824
5.440029420058025
5.446235626264233
5.452441832470441
5.45864803867665
5.464854244882851
5.471060451089059
5.477266657295267
5.4834728635014685
5.489679069707677
5.495885275913885
5.502091482120086
5.508297688326294
5.514503894532503
5.520710100738711
5.526916306944912
5.53312251315112
5.539328719357329
5.54553492556353
5.551741131769738
5.557947337975946
5.564153544182155
5.570359750388356
5.576565956594564
5.582772162800772
5.588978369006973
5.595184575213182
5.60139078141939
5.607596987625591
5.613803193831799
5.620009400038008
5.626215606244216
5.632421812450417
5.638628018656625
5.644834224862834
5.651040431069042
5.657246637275243
5.663452843481451
5.6696590496876595
5.675865255893861
5.682071462100069
5.688277668306277
5.694483874512478
5.700690080718687
5.706896286924895
5.713102493131103
5.719308699337304
5.725514905543513
5.731721111749721
5.737927317955929
5.74413352416213
5.750339730368339
5.756545936574547
5.762752142780748
5.768958348986956
5.7751645551931645
5.781370761399366
5.787576967605574
5.793783173811782
5.799989380017983
5.806195586224192
5.8124017924304
5.818607998636608
5.824814204842809
5.831020411049018
5.837226617255226
5.843432823461434
5.849639029667635
5.8558452358738435
5.862051442080052
5.868257648286253
5.874463854492461
5.8806700606986695
5.886876266904871
5.893082473111079
5.899288679317287
5.905494885523495
5.911701091729697
5.917907297935905
5.924113504142113
5.930319710348321
5.9365259165545226
5.942732122760731
5.948938328966939
5.95514453517314
5.9613507413793485
5.967556947585557
5.973763153791758
5.979969359997966
5.9861755662041745
5.992381772410383
5.998587978616584
6.004794184822792
6.011000391029
6.017206597235202
6.02341280344141
6.029619009647618
6.035825215853826
6.0420314220600275
6.048237628266236
6.054443834472444
6.060650040678645
6.0668562468848535
6.073062453091062
6.079268659297263
6.085474865503471
6.091681071709679
6.097887277915888
6.104093484122089
6.110299690328297
6.116505896534505
6.122712102740714
6.128918308946915
6.135124515153123
6.141330721359331
6.1475369275655325
6.153743133771741
6.159949339977949
6.16615554618415
6.1723617523903584
6.178567958596567
6.184774164802775
6.190980371008976
6.197186577215184
6.203392783421393
6.209598989627601
6.215805195833802
6.22201140204001
6.228217608246219
6.23442381445242
6.240630020658628
6.246836226864836
6.2530424330710375
6.259248639277246
6.265454845483454
6.271661051689655
6.277867257895863
